111
0
0
30.0
-10.0
-30.0
45.0
-19.0
-18.0
-18.0
-22.0
2.0
5.0
6.0
4
-10.0
-11.0
4
1
3
7.0
1
10.0
45.0
1
0.26
7.0
0.1
1.0
7.75
12.5
4.0
3.0
0.2
3.0
0.2
7.0
10
12.0
1
0.22
1
25.0
23.0
1.0
1
0.1
3.0
6.0
10.0
25.0
20.0
0.55
50.0
38.0
40.0
13.0
6.0
1.0
10.0
5
2
100.0
10.0
2.0
0.16
5
0.0
76.0
46.0
24.0
20.0
51.0
8.0
1
16.0
20.0
40.0
0.0
0.246
nan
-80.0
-80.0
-80.0
-52.0
-120.0
0.2
0.2
0.1
400.0
25.0
28.0
6.0
1
1.0
0
40.0
20.0
20.0
10.0
6.0
4.0
1.0
55.0
63.0
2
nan
nan
nan
1.0
0
0
0
0
6.0
0.2
20.0
30.0
20.0
0
0
0
0
10.0
0.1
0
30.0
20.0
0
45.0
1
1
69.0
1
10.0
0.24
60.0
42.0
33.0
30.0
26.0
10.0
1
50.0
180
0
1.0
-6.0
6.0
32.0
52.0
95.0
18.0
2.0
0.5
0.33
65.0
41.0
98.0
17.0
7.8
0.02
28.0
2.0
20.0
0.2
1
20.0
80.0
1
50.0
1
2.0
2.0
18.0
17.0
4.0
4
1
20.0
1
0.2
1.0
0
0.1
1
20.0
0
38.0
0.1
40.0
40.0
0
6.0
0
0
0
0
0
0.22
1.0
0
1
9.0
1.0
1.0
0
0
-10.0
20.0
50.0
1
1
0
0
70.0
