0
0
1.0
1.0
7.0
12.0
2.0
272
304
0
25.0
10.0
336
7.5
20.0
5.0
368
400
432
464
496
528
560
592
0
3.0
35.0
96.995
56.996
624
656
688
720
752
784
816
0.09
8.0
0.985
20.0
0.035
848
0.4
880
2.0
105.0
45.0
1.0
1.0
1.0
912
944
1
-2.0
0.07
7.0
2.0
976
8.5
0.5
0.1
1008
0
0.175
10.0
1.0
1.0
0
0
0
10.0
5.0
0
0
5.0
5.0
0
0
0
0
0
0
7.5
0
0
0
0.7
0.7
0.7
0.5
0.7
0.7
0
0
0.62
0.64
0.66
0.14
0.62
0.62
0
0
0.07
0.07
0.07
0.07
0.07
0.03
0
0
0.13
0.17
0.21
0.11
0.2
0.2
0
0
0.03
0.03
0.03
0.03
0.03
0.02
0
0
20.0
20.0
20.0
20.0
0.7
25.0
0
0
0.7
0.7
0.7
0.7
0.7
30.0
0
0
5.0
5.0
5.0
5.0
0.1
3.0
0
0
0.1
0.1
0.1
0.1
0.1
1.0
0
0
0.975
0.972
0.969
0.99
0.955
0.983
0
0
0.985
0.982
0.979
0.98
0.987
0.983
0
0
0.975
0.972
0.969
0.97
0.987
0.983
0
0
25.0
25.0
25.0
50.0
8.0
30.0
0
0
8.0
8.0
8.0
8.0
8.0
15.0
0
0
0
0
0
0
8.0
0
0
0
5
5
5
9
9
5
0
0
0.055
0.055
0.055
0.055
0.055
0.055
0
0
0.35
0.4
0.45
0.2
0.5
0.4
0
0
1.0
1.0
1.0
1.0
1.0
1.0
0
0
-2.0
-2.0
-2.0
-2.0
-2.0
-2.0
0
0
18.0
18.0
18.0
8.5
18.0
16.0
0
0
0.8
0.8
0.8
0.4
0.2
0.8
