0
0
16
0
0
0
1
4.0
3.5
3.0
2.0
1.5
1.0
0.5
1
4.0
3.5
3.0
2.0
1.5
1.0
0.5
0
60.0
40.0
20.0
12.0
12.0
0
0
0
1.0
1.0
1.0
1.0
1.0
1.0
1.0
0
0
1.0
1.0
1.0
1.0
1.0
1.0
0
0
0
0
1.0
1.0
1.0
1.0
0
0
0
1.0
1.0
1.0
1.0
1.0
0
0
0
0
1.0
1.0
1.0
1.0
0
0
0
0
1.0
1.0
1.0
1.0
0
0
0
1.0
1.0
1.0
1.0
1.0
0
0
0
1.0
1.0
1.0
1.0
1.0
1
4.0
3.0
2.0
1.5
1.0
0
0
1
2.0
1.5
1.0
0.5
0
0
0
1
30.0
50.0
85.0
90.0
95.0
100.0
100.0
0
0
0
1.0
1.0
1.0
1.0
1.0
0
0
0
0
1.0
1.0
1.0
1.0
0
0
0
0
1.0
1.0
1.0
1.0
0
0
1.0
1.0
1.0
1.0
1.0
1.0
1
60.0
30.0
20.0
15.0
10.0
0
0
1
40.0
20.0
10.0
5.0
0
0
0
0
0
0
1.0
1.0
1.0
1.0
1.0
0
0
0
0
1.0
1.0
1.0
1.0
0
0
0
1.0
1.0
1.0
1.0
1.0
0
0
0
0
0
1.0
1.0
1.0
0
0
0
0
1.0
1.0
1.0
1.0
0
0
0
1.0
1.0
1.0
1.0
1.0
0
0
1.0
1.0
1.0
1.0
1.0
1.0
0
1.0
1.0
1.0
1.0
1.0
1.0
1.0
0
0
0
1.0
1.0
1.0
1.0
1.0
0
1.0
1.0
1.0
1.0
1.0
1.0
1.0
0
0
0
1.0
1.0
1.0
1.0
1.0
0
0
0
0
1.0
1.0
1.0
1.0
1
10.0
10.0
5.0
3.0
3.0
0
0
0
0
0
1.0
1.0
1.0
