//This file is incomplete simply because it's a clusterfuck. I haven't been able
//to accurately map it yet, and the mapping process would take too much time.
//Maybe later.//
48		//angleKind
64		//buttonKind
96		//buttonValue
160		//category
176		//feintKind
0		//feintLV
0		//feintMode
5728	//list
6288	//stickKind
0		//padding
0		//padding
0		//padding

//angleKind//
6304	//value
0		//padding
0		//padding
0		//padding

//buttonKind//
//No idea how this works or what these mean but I'll map them for consistency's sake//
6316	//value
6319	//value
6322	//value
6325	//value
6328	//value
6331	//value
6334	//value
0		//padding

//buttonValue//
6341	//value
6359	//value
6377	//value
6397	//value
6414	//value
6436	//value
6456	//value
6483	//value
6510	//value
6539	//value
6565	//value
6597	//value
6631	//value
0		//padding
0		//padding
0		//padding

//category//
6316	//value
6319	//value
6325	//value
6328	//value

//feintKind//
//I won't even bother with this one//
//Looks like it maps the values in previous arrays into different feints, and
//maybe with huge effort they would be crackable but it's going to be a lot of
//work and it's not a priority. Cool concept though, custom feints. Might even
//improve the shitty PES17 strikers.//
6665
6681
6702
6728
6753
6779
6804
6834
6865
6888
6912
6941
6961
6982
7004
7021
7040
7058
7081
7100
7127
7147
7168
7188
7213
7238
7257
7277
7296
7313
7330
7348
7371
7403
7426
7450
0
50.0
-50.0
7476
0
-1.0
6565
0
0
45.0
-120.0
7476
0
-1.0
6597
2.3
-45.0
90.0
-90.0
7484
0
0
6377
0
0
0
0
7492
0
-1.0
7502
0
0
0
0
7492
0
-1.0
7502
0
0
0
0
7492
0
-1.0
7502
0
135.0
35.0
-35.0
7476
0
-1.0
6341
0
-45.0
35.0
-35.0
7484
0
0
6377
0
0
0
0
7492
0
-1.0
7502
0
0
0
0
7492
0
-1.0
7502
0
0
0
0
7492
0
-1.0
7502
0
0
0
0
7492
0
-1.0
7502
0
0
0
0
6316
0
-1.0
6483
0.4
0
0
0
6316
0
-1.0
6359
0
0
0
0
6316
0
-1.0
6483
0.4
0
180.0
-180.0
7484
0
-1.0
6456
0
0
0
0
7492
0
-1.0
7502
0
0
0
0
7492
0
-1.0
7502
0
0
0
0
6316
0
-1.0
6483
0.4
0
0
0
6316
0
-1.0
6359
0
0
0
0
6316
0
-1.0
6483
0.4
0
180.0
-180.0
7484
0
-1.0
6456
0
0
0
0
7492
0
-1.0
7502
0
0
0
0
7492
0
-1.0
7502
0
0
0
0
6316
0
-1.0
6483
0.4
0
0
0
6316
0
-1.0
6359
0
0
0
0
6316
0
-1.0
6483
0.4
0
180.0
-180.0
7484
0
-1.0
6456
0
0
0
0
7492
0
-1.0
7502
0
0
0
0
7492
0
-1.0
7502
0
0
0
0
7492
0
-1.0
7502
0
0
0
0
6316
0
-1.0
6456
0
0
0
0
6319
0
-1.0
6456
0
0
180.0
-180.0
7476
0
-1.0
6397
0
0
0
0
7492
0
-1.0
7502
0
0
0
0
7492
0
-1.0
7502
0
0
0
0
7492
0
-1.0
7502
0
0
0
0
6319
0
-1.0
6341
0
0
180.0
-180.0
7476
0
-1.0
6397
0
0
0
0
7492
0
-1.0
7502
0
0
0
0
7492
0
-1.0
7502
0
0
0
0
7492
0
-1.0
7502
0
0
0
0
7492
0
-1.0
7502
0
0
25.0
-25.0
7476
0
-1.0
6565
0
90.0
30.0
-45.0
7476
0
-1.0
6597
0.5
-90.0
45.0
-60.0
7476
0
-1.0
6631
1.0
-90.0
45.0
-60.0
7476
0
-1.0
6397
0
0
0
0
7492
0
-1.0
7502
0
0
0
0
7492
0
-1.0
7502
0
0
25.0
-25.0
7476
0
-1.0
6565
0
-90.0
45.0
-30.0
7476
0
-1.0
6631
0.5
90.0
60.0
-45.0
7476
0
-1.0
6597
1.0
90.0
60.0
-45.0
7476
0
-1.0
6397
0
0
0
0
7492
0
-1.0
7502
0
0
0
0
7492
0
-1.0
7502
0
0
50.0
-50.0
7476
0
-1.0
6565
0
-90.0
30.0
-80.0
7476
0
-1.0
6631
1.0
-90.0
30.0
-80.0
7476
0
-1.0
6397
0
0
0
0
7492
0
-1.0
7502
0
0
0
0
7492
0
-1.0
7502
0
0
0
0
7492
0
-1.0
7502
0
90.0
75.0
-25.0
7476
0
-1.0
6565
0
0
20.0
-70.0
7476
0
-1.0
6631
1.0
0
0
0
7476
0
0
6436
0.17
0
0
0
7492
0
-1.0
7502
0
0
0
0
7492
0
-1.0
7502
0
0
0
0
7492
0
-1.0
7502
0
-90.0
30.0
-30.0
7476
0
-1.0
6414
1.67
0
0
0
7492
0
-1.0
7502
0
0
0
0
7492
0
-1.0
7502
0
0
0
0
7492
0
-1.0
7502
0
0
0
0
7492
0
-1.0
7502
0
0
0
0
7492
0
-1.0
7502
0
0
0
0
6322
0
-1.0
6483
0.4
0
0
0
6322
0
-1.0
6359
0
0
0
0
7492
0
-1.0
7502
0
0
0
0
7492
0
-1.0
7502
0
0
0
0
7492
0
-1.0
7502
0
0
0
0
7492
0
-1.0
7502
0
-45.0
40.0
-40.0
7476
0
-1.0
6341
0
-45.0
40.0
-40.0
7484
0
0
6377
0
0
0
0
7492
0
-1.0
7502
0
0
0
0
7492
0
-1.0
7502
0
0
0
0
7492
0
-1.0
7502
0
0
0
0
7492
0
-1.0
7502
0
45.0
25.0
-25.0
7476
0
-1.0
6341
0
-45.0
35.0
-35.0
7484
0
0
6377
0
0
0
0
7492
0
-1.0
7502
0
0
0
0
7492
0
-1.0
7502
0
0
0
0
7492
0
-1.0
7502
0
0
0
0
7492
0
-1.0
7502
0
-180.0
40.0
-40.0
7476
0
-1.0
6341
0
0
150.0
-150.0
7484
0
0
6377
0
0
0
0
7492
0
-1.0
7502
0
0
0
0
7492
0
-1.0
7502
0
0
0
0
7492
0
-1.0
7502
0
0
0
0
7492
0
-1.0
7502
0
90.0
25.0
-25.0
7476
0
-1.0
6341
0
0
180.0
-180.0
7484
0
0
6377
0
0
0
0
7492
0
-1.0
7502
0
0
0
0
7492
0
-1.0
7502
0
0
0
0
7492
0
-1.0
7502
0
0
0
0
7492
0
-1.0
7502
0
0
25.0
-25.0
7476
0
-1.0
6341
0
90.0
65.0
-65.0
7484
0
0
6377
0
0
0
0
7492
0
-1.0
7502
0
0
0
0
7492
0
-1.0
7502
0
0
0
0
7492
0
-1.0
7502
0
0
0
0
7492
0
-1.0
7502
0
0
45.0
-45.0
7476
0
-1.0
6341
0
0
180.0
-180.0
7484
0
0
6377
0
0
0
0
7492
0
-1.0
7502
0
0
0
0
7492
0
-1.0
7502
0
0
0
0
7492
0
-1.0
7502
0
0
0
0
7492
0
-1.0
7502
0
-90.0
45.0
-45.0
7476
0
-1.0
6341
0
0
180.0
-180.0
7484
0
0
6377
0
0
0
0
7492
0
-1.0
7502
0
0
0
0
7492
0
-1.0
7502
0
0
0
0
7492
0
-1.0
7502
0
0
0
0
7492
0
-1.0
7502
0
90.0
45.0
-45.0
7476
0
-1.0
6341
0
0
180.0
-180.0
7484
0
0
6377
0
0
0
0
7492
0
-1.0
7502
0
0
0
0
7492
0
-1.0
7502
0
0
0
0
7492
0
-1.0
7502
0
0
0
0
7492
0
-1.0
7502
0
180.0
45.0
-45.0
7476
0
-1.0
6341
0
0
180.0
-180.0
7484
0
0
6377
0
0
0
0
7492
0
-1.0
7502
0
0
0
0
7492
0
-1.0
7502
0
0
0
0
7492
0
-1.0
7502
0
0
0
0
7492
0
-1.0
7502
0
0
0
0
6316
0
-1.0
6483
0.4
0
0
0
6316
0
-1.0
6359
0
0
0
0
6316
0
-1.0
6483
0.4
0
180.0
-180.0
7484
0
-1.0
6456
0
0
0
0
7492
0
-1.0
7502
0
0
0
0
7492
0
-1.0
7502
0
0
0
0
6316
0
-1.0
6483
0.4
0
0
0
6316
0
-1.0
6359
0
0
0
0
6316
0
-1.0
6483
0.4
0
180.0
-180.0
7484
0
-1.0
6456
0
0
0
0
7492
0
-1.0
7502
0
0
0
0
7492
0
-1.0
7502
0
0
180.0
-180.0
7476
0
-1.0
6341
0
0
180.0
-180.0
7484
0
0
6377
0
0
0
0
7492
0
-1.0
7502
0
0
0
0
7492
0
-1.0
7502
0
0
0
0
7492
0
-1.0
7502
0
0
0
0
7492
0
-1.0
7502
0
90.0
45.0
-45.0
7476
0
0.5
6414
1.67
0
0
0
7492
0
-1.0
7502
0
0
0
0
7492
0
-1.0
7502
0
0
0
0
7492
0
-1.0
7502
0
0
0
0
7492
0
-1.0
7502
0
0
0
0
7492
0
-1.0
7502
0
-90.0
45.0
-45.0
7476
0
0.5
6414
1.67
0
0
0
7492
0
-1.0
7502
0
0
0
0
7492
0
-1.0
7502
0
0
0
0
7492
0
-1.0
7502
0
0
0
0
7492
0
-1.0
7502
0
0
0
0
7492
0
-1.0
7502
0
0
180.0
-180.0
7476
0
0.5
6414
1.67
0
0
0
7492
0
-1.0
7502
0
0
0
0
7492
0
-1.0
7502
0
0
0
0
7492
0
-1.0
7502
0
0
0
0
7492
0
-1.0
7502
0
0
0
0
7492
0
-1.0
7502
0

//list//
7471
320
7127
7516
1
7471
512
7348
7516
0
7471
704
7527
7516
0
7471
896
7527
7516
0
7471
1088
7040
6304
0
7471
1312
7188
7516
0
7471
1504
7168
7516
0
7471
1696
7545
7516
1
7471
1888
6912
7516
1
7471
2080
6888
7516
1
7471
2272
6865
7516
1
7471
2464
6941
7516
1
7471
2656
7257
7516
0
7471
2848
7426
7516
0
7471
3040
7296
7516
1
7471
3232
7213
7516
0
7471
3424
7058
7516
1
7471
3616
7277
7516
1
7471
3808
6702
7516
0
7471
4000
6753
7516
0
7471
4192
6728
7516
0
7471
4384
6779
7516
0
7471
4576
7527
7516
0
7471
4768
7527
7516
0
7471
4960
6665
7516
0
7471
5152
6804
7516
0
7471
5344
6834
7516
0
7471
5536
6681
7516
0
7476
7484
0
0
206890064.0
811062848.0
0.0
137645817856.0
0.0
0.0
33605936.0
12.188
51711288.0
217329664.0
825.02
773.256
3365.023
128.325
12.831
14983182336.0
223.267
12798284.0
217329664.0
825.02
869685.938
223.294
12798284.0
217329664.0
825.02
773.256
55918972.0
3271576576.0
810767168.0
13.023
14319223832576.0
14984236032.0
0.0
215282736.0
1.4145314947873112e+19
1.414167226585029e+19
3663963095040.0
0.0
215282736.0
1.4145314947873112e+19
1.414167226585029e+19
847489531904.0
844616896.0
57798800965632.0
128.298
12.831
14983182336.0
223.267
12798284.0
3543976902656.0
13.395
3271576576.0
810767168.0
3631345565696.0
1.4646630677487813e+19
201.298
844616384.0
57798800965632.0
128.298
12.831
14983182336.0
14983169024.0
1.472123474045567e+19
3396.893
50682184.0
217329664.0
825.02
773.256
869685.938
239760097280.0
3321372606464.0
1.4866181159322124e+19
3458407333888.0
217329664.0
825.02
773.256
869685.938
239760097280.0
3321372606464.0
1.4866181159322124e+19
13.266
128.298
12.831
14983182336.0
958922817536.0
12798292.0
3561760751616.0
3377742080.0
12.273
239718432768.0
808032.0
14636110.0
1.4145323743966134e+19
3562356992.0
808032.0
14636110.0
1.4145323743966134e+19
3562356992.0
55918972.0
3168.019
1.5298245248572981e+19
825.145
206910960.0
3663693348864.0
213000634368.0
0.0
844190080.0
833013.25
958923669504.0
12.581
1.4939659322383139e+19
3406264532992.0
808032.0
14636110.0
1.4145323743966134e+19
840789.188
3562356992.0
51538.371
8213.07
3543970086912.0
844289984.0
3381.954
13282535538688.0
55.827
0.0
844190080.0
833013.25
958923669504.0
12.581
1.4939659322383139e+19
3406264532992.0
55918972.0
3168.019
1.5298245248572981e+19
825.145
206910960.0
3663693348864.0
861684.938
1.5296554199689462e+19
53564736.0
808032.0
14636110.0
1.4145323743966134e+19
864417939456.0
903273971712.0
0.0
844190080.0
833013.25
958923669504.0
907467227136.0
1.5227320151511663e+19
0.0
844190080.0
833013.25
958923669504.0
907467227136.0
1.5227320151511663e+19
1.5300222170479722e+19
13912322048.0
808032.0
14636110.0
1.4145323743966134e+19
3453515020107776.0
3252.08
808032.0
14636110.0
1.4145323743966134e+19
12798283.0
844190080.0
3168.021
1.5298245248572981e+19
825.145
201.294
810603200.0
0.0
844190080.0
833013.25
55.817
3630477606912.0
808032.0
14636110.0
1.4145323743966134e+19
12.579
0.0
844190080.0
833013.25
936448896.0
3285.271
3168.017
1.5298245248572981e+19
825.145
14243284910080.0
3389551804416.0
200021.234
808032.0
14636110.0
1.4145323743966134e+19
193.321
0.0
844190080.0
833013.25
3572.269
799765.125
239776874496.0
211888979968.0
8209.331
3543970086912.0
844289984.0
3529458688.0
3389556785152.0
8209.332
3543970086912.0
844289984.0
3631345565696.0
14635077.0
0.0
844190080.0
833013.25
14632014.0
1.4646630677487813e+19
0.0
844190080.0
833013.25
14632014.0
1.4646630677487813e+19
1.5300222170479722e+19
216325.062
808032.0
14636110.0
1.4145323743966134e+19
212559072329728.0
827593664.0
890337689600.0
3168.017
1.5298245248572981e+19
825.145
14291.093
3543970086912.0
808032.0
14636110.0
1.4145323743966134e+19
51713312.0
3406532968448.0
808032.0
14636110.0
1.4145323743966134e+19
3389689430016.0
0.0
844190080.0
833013.25
914500.875
3664634183680.0
808032.0
14636110.0
1.4145323743966134e+19
869716.938
3168.019
1.5298245248572981e+19
825.145
48.325
0.0
844190080.0
833013.25
958923669504.0
3140.581
3259060736.0
8208.326
3543970086912.0
844289984.0
3631345565696.0
56985915490304.0
14986843136.0
3509815869440.0
14247018889216.0
8210.069
3543970086912.0
844289984.0
833012.25
936562880.0
3285.271
3168.017
1.5298245248572981e+19
825.145
12.767
201.329
229060624384.0
3168.019
1.5298245248572981e+19
825.145
12.52
3326429952.0
538252224.0
0.0
201.329
0.0
201.329
0.0
0.0
0.0
0.0
0.0
0.0
0.0
3453515020107776.0
52801.371
8209.324
3543970086912.0
844289984.0
13357151158272.0
0.0
3173.938
1.5298245248572981e+19
825.145
800053.938
222614044672.0
14250520084480.0
3428799488.0
0.0
0
0
