0.1
0.3
48
64
96
160
176
0
0
7072
7920
0
0
0
7936
0
0
0
7948
7951
7954
7957
7960
7963
7966
0
7973
7991
8011
8029
8049
8066
8096
8118
8138
8160
8187
8214
8243
8269
8301
8335
7948
7951
7957
7960
8369
8385
8406
8432
8457
8483
8508
8538
8569
8592
8616
8645
8665
8686
8708
8725
8744
8762
8785
8804
8831
8851
8872
8892
8917
8942
8961
8981
9000
9017
9034
9052
9075
9107
9130
9154
9175
9197
9223
9245
9271
9294
9314
9338
0
30.0
-30.0
9368
0
-1.0
8029
0.3
0
180.0
-180.0
9376
0
-1.0
8029
0
0
0
0
7951
0
-1.0
8118
0
0
0
0
9384
0
-1.0
9394
0
0
0
0
9384
0
-1.0
9394
0
0
0
0
9384
0
-1.0
9394
0
-90.0
60.0
-60.0
9368
0
-1.0
8029
0.3
0
180.0
-180.0
9376
0
-1.0
8029
0
0
0
0
7951
0
-1.0
8118
0
0
0
0
9384
0
-1.0
9394
0
0
0
0
9384
0
-1.0
9394
0
0
0
0
9384
0
-1.0
9394
0
90.0
60.0
-60.0
9368
0
-1.0
8029
0.3
0
180.0
-180.0
9376
0
-1.0
8029
0
0
0
0
7951
0
-1.0
8118
0
0
0
0
9384
0
-1.0
9394
0
0
0
0
9384
0
-1.0
9394
0
0
0
0
9384
0
-1.0
9394
0
180.0
30.0
-30.0
9368
0
-1.0
8029
0.3
0
180.0
-180.0
9376
0
-1.0
8029
0
0
0
0
7951
0
-1.0
8118
0
0
0
0
9384
0
-1.0
9394
0
0
0
0
9384
0
-1.0
9394
0
0
0
0
9384
0
-1.0
9394
0
0
0
0
7951
0
-1.0
7973
0
0
50.0
-50.0
9368
0
-1.0
8269
0
0
45.0
-120.0
9368
0
-1.0
8301
2.3
-45.0
135.0
-135.0
9376
0
-1.0
8029
0
0
0
0
9384
0
-1.0
9394
0
0
0
0
9384
0
-1.0
9394
0
135.0
35.0
-35.0
9368
0
-1.0
7973
0
-45.0
35.0
-35.0
9376
0
0
8029
0
0
0
0
7951
0
-1.0
8118
0
0
0
0
9384
0
-1.0
9394
0
0
0
0
9384
0
-1.0
9394
0
0
0
0
9384
0
-1.0
9394
0
0
0
0
7951
0
-1.0
7973
0
-90.0
60.0
-60.0
9368
0
-1.0
8096
0.3
0
0
0
9384
0
-1.0
9394
0
0
0
0
9384
0
-1.0
9394
0
0
0
0
9384
0
-1.0
9394
0
0
0
0
9384
0
-1.0
9394
0
0
0
0
7951
0
-1.0
7973
0
-90.0
60.0
-60.0
9376
0
-1.0
8096
0.3
0
0
0
9384
0
-1.0
9394
0
0
0
0
9384
0
-1.0
9394
0
0
0
0
9384
0
-1.0
9394
0
0
0
0
9384
0
-1.0
9394
0
-90.0
60.0
-60.0
9368
0
-1.0
7991
0
0
0
0
7951
0
-1.0
8011
0.4
0
0
0
7951
0
-1.0
8049
0
0
0
0
9384
0
-1.0
9394
0
0
0
0
9384
0
-1.0
9394
0
0
0
0
9384
0
-1.0
9394
0
0
0
0
7951
0
-1.0
8011
0.4
0
0
0
7951
0
-1.0
8049
0
0
0
0
9384
0
-1.0
9394
0
0
0
0
9384
0
-1.0
9394
0
0
0
0
9384
0
-1.0
9394
0
0
0
0
9384
0
-1.0
9394
0
0
0
0
7948
0
-1.0
7973
0
0
0
0
7948
0
-1.0
8066
0
0
180.0
-180.0
9368
0
0.3
8029
0
0
0
0
7951
0
-1.0
8118
0
0
0
0
9384
0
-1.0
9394
0
0
0
0
9384
0
-1.0
9394
0
0
0
0
7948
0
-1.0
8187
0.25
0
0
0
7948
0
-1.0
8011
0
0
0
0
7948
0
-1.0
8187
0.25
0
180.0
-180.0
9376
0
-1.0
8160
0
0
0
0
7951
0
-1.0
8118
0
0
0
0
9384
0
-1.0
9394
0
0
0
0
7948
0
-1.0
8160
0
0
0
0
7951
0
-1.0
8160
0
0
180.0
-180.0
9368
0
-1.0
8029
0
0
0
0
9384
0
-1.0
9394
0
0
0
0
9384
0
-1.0
9394
0
0
0
0
9384
0
-1.0
9394
0
0
0
0
7951
0
-1.0
7973
0
0
180.0
-180.0
9368
0
-1.0
8029
0
0
0
0
9384
0
-1.0
9394
0
0
0
0
9384
0
-1.0
9394
0
0
0
0
9384
0
-1.0
9394
0
0
0
0
9384
0
-1.0
9394
0
0
0
0
7951
0
-1.0
7973
0
0
180.0
-180.0
9376
0
-1.0
8029
0
0
0
0
9384
0
-1.0
9394
0
0
0
0
9384
0
-1.0
9394
0
0
0
0
9384
0
-1.0
9394
0
0
0
0
9384
0
-1.0
9394
0
0
0
0
7951
0
-1.0
7973
0
0
25.0
-25.0
9368
0
-1.0
8269
0
90.0
30.0
-45.0
9368
0
-1.0
8301
0.5
-90.0
45.0
-60.0
9368
0
-1.0
8335
1.0
-90.0
45.0
-60.0
9368
0
-1.0
8049
0
0
0
0
9384
0
-1.0
9394
0
0
0
0
7951
0
-1.0
7973
0
0
25.0
-25.0
9368
0
-1.0
8269
0
-90.0
45.0
-30.0
9368
0
-1.0
8335
0.5
90.0
60.0
-45.0
9368
0
-1.0
8301
1.0
90.0
60.0
-45.0
9368
0
-1.0
8049
0
0
0
0
9384
0
-1.0
9394
0
0
0
0
7951
0
-1.0
7973
0
0
50.0
-50.0
9368
0
-1.0
8269
0
-90.0
30.0
-80.0
9368
0
-1.0
8335
1.0
-90.0
30.0
-80.0
9368
0
-1.0
8049
0
0
0
0
9384
0
-1.0
9394
0
0
0
0
9384
0
-1.0
9394
0
0
0
0
7951
0
-1.0
7973
0
90.0
75.0
-25.0
9368
0
-1.0
8269
0
0
20.0
-70.0
9368
0
-1.0
8335
1.0
0
0
0
9368
0
0
8118
0.17
0
0
0
9384
0
-1.0
9394
0
0
0
0
9384
0
-1.0
9394
0
-90.0
30.0
-30.0
9368
0
-1.0
8096
0.3
0
0
0
9384
0
-1.0
9394
0
0
0
0
9384
0
-1.0
9394
0
0
0
0
9384
0
-1.0
9394
0
0
0
0
9384
0
-1.0
9394
0
0
0
0
9384
0
-1.0
9394
0
0
0
0
7963
0
-1.0
8011
0
0
0
0
9384
0
-1.0
9394
0
0
0
0
9384
0
-1.0
9394
0
0
0
0
9384
0
-1.0
9394
0
0
0
0
9384
0
-1.0
9394
0
0
0
0
9384
0
-1.0
9394
0
0
0
0
7951
0
-1.0
7973
0
0
180.0
0
9368
0
-1.0
8096
0.3
0
0
0
9384
0
-1.0
9394
0
0
0
0
9384
0
-1.0
9394
0
0
0
0
9384
0
-1.0
9394
0
0
0
0
9384
0
-1.0
9394
0
0
0
0
7963
0
-1.0
7973
0
0
180.0
-0.0
9368
0
-1.0
8029
0
0
0
0
9384
0
-1.0
9394
0
0
0
0
9384
0
-1.0
9394
0
0
0
0
9384
0
-1.0
9394
0
0
0
0
9384
0
-1.0
9394
0
0
0
0
7954
0
-1.0
8011
0.15
0
180.0
-180.0
9376
0
-1.0
7991
0.2
0
0
0
7954
0
-1.0
8011
0
0
0
0
7951
0
-1.0
8118
0
0
0
0
9384
0
-1.0
9394
0
0
0
0
9384
0
-1.0
9394
0
-45.0
40.0
-40.0
9368
0
-1.0
7973
0
-45.0
40.0
-40.0
9376
0
-1.0
8029
0
0
0
0
7951
0
-1.0
8118
0
0
0
0
9384
0
-1.0
9394
0
0
0
0
9384
0
-1.0
9394
0
0
0
0
9384
0
-1.0
9394
0
45.0
25.0
-25.0
9368
0
-1.0
7973
0
-45.0
35.0
-35.0
9376
0
-1.0
8029
0
0
0
0
7951
0
-1.0
8118
0
0
0
0
9384
0
-1.0
9394
0
0
0
0
9384
0
-1.0
9394
0
0
0
0
9384
0
-1.0
9394
0
-180.0
40.0
-40.0
9368
0
-1.0
7973
0
0
150.0
-150.0
9376
0
-1.0
8029
0
0
0
0
7951
0
-1.0
8118
0
0
0
0
9384
0
-1.0
9394
0
0
0
0
9384
0
-1.0
9394
0
0
0
0
9384
0
-1.0
9394
0
90.0
25.0
-25.0
9368
0
-1.0
7973
1.0
0
180.0
-180.0
9376
0
-1.0
8029
0
0
0
0
7951
0
-1.0
8118
0
0
0
0
9384
0
-1.0
9394
0
0
0
0
9384
0
-1.0
9394
0
0
0
0
9384
0
-1.0
9394
0
0
25.0
-25.0
9368
0
-1.0
7973
0
90.0
65.0
-65.0
9376
0
-1.0
8029
0
0
0
0
7951
0
-1.0
8118
0
0
0
0
9384
0
-1.0
9394
0
0
0
0
9384
0
-1.0
9394
0
0
0
0
9384
0
-1.0
9394
0
0
0
0
7954
0
-1.0
8187
0.4
0
0
0
7954
0
-1.0
8011
0
0
0
0
7951
0
-1.0
8118
0
0
0
0
9384
0
-1.0
9394
0
0
0
0
9384
0
-1.0
9394
0
0
0
0
9384
0
-1.0
9394
0
0
0
0
7948
0
-1.0
8187
0.4
0
0
0
7948
0
-1.0
8011
0
0
0
0
7948
0
-1.0
8187
0.4
0
180.0
-180.0
9376
0
-1.0
8160
0
0
0
0
9384
0
-1.0
9394
0
0
0
0
9384
0
-1.0
9394
0
0
180.0
-180.0
9368
0
-1.0
7973
0
0
180.0
-180.0
9376
0
-1.0
8029
0
0
0
0
7951
0
-1.0
8118
0
0
0
0
9384
0
-1.0
9394
0
0
0
0
9384
0
-1.0
9394
0
0
0
0
9384
0
-1.0
9394
0
0
0
0
7951
0
-1.0
7973
0
90.0
45.0
-45.0
9368
0
0.5
8096
0.3
0
0
0
9384
0
-1.0
9394
0
0
0
0
9384
0
-1.0
9394
0
0
0
0
9384
0
-1.0
9394
0
0
0
0
9384
0
-1.0
9394
0
0
0
0
7951
0
-1.0
7973
0
-90.0
45.0
-45.0
9368
0
0.5
8096
0.3
0
0
0
9384
0
-1.0
9394
0
0
0
0
9384
0
-1.0
9394
0
0
0
0
9384
0
-1.0
9394
0
0
0
0
9384
0
-1.0
9394
0
0
0
0
7951
0
-1.0
7973
0
0
180.0
-180.0
9368
0
0.5
8096
0.3
0
0
0
9384
0
-1.0
9394
0
0
0
0
9384
0
-1.0
9394
0
0
0
0
9384
0
-1.0
9394
0
0
0
0
9384
0
-1.0
9394
0
9363
352
1
8406
9408
0
9363
544
1
8457
9408
0
9363
736
1
8432
9408
0
9363
928
1
8483
9408
0
9363
1120
1
8831
9408
1
9363
1312
1
9052
9408
0
9363
1504
1
9294
9408
1
9363
1696
0
9314
9408
1
9363
1888
1
9294
9408
1
9363
2080
0
9338
9408
0
9363
2272
0
8744
7936
0
9363
2464
1
8744
7936
0
9363
2656
0
8892
9408
0
9363
2848
0
8872
9408
0
9363
3040
0
8872
9408
0
9363
3232
1
8616
9408
1
9363
3424
1
8616
9408
1
9363
3616
1
8592
9408
1
9363
3808
1
8569
9408
1
9363
4000
0
8645
9408
1
9363
4192
0
8645
9408
1
9363
4384
1
8645
9408
1
9363
4576
0
8645
9408
1
9363
4768
1
8961
9408
0
9363
4960
1
9130
9408
0
9363
5152
1
9000
9408
1
9363
5344
1
8917
9408
0
9363
5536
1
8762
9408
1
9363
5728
1
8981
9408
1
9363
5920
1
8961
9408
0
9363
6112
0
9419
9408
0
9363
6304
1
8369
9408
0
9363
6496
1
8508
9408
0
9363
6688
1
8538
9408
0
9363
6880
1
8385
9408
0
0
0
9368
9376
0
0
206890064.0
811062848.0
0.0
137645817856.0
0.0
0.0
33605936.0
12.188
51711288.0
217329664.0
825.02
773.256
3365.023
128.325
12.831
958923669504.0
12798292.0
3365.023
128.325
12.831
14983182336.0
223.267
12798284.0
217329664.0
825.02
869685.938
223.294
12798284.0
217329664.0
825.02
773.256
55918972.0
3271576576.0
810767168.0
13.023
3365.954
841.238
825.146
55.836
0.0
215282736.0
1.4145314947873112e+19
1.414167226585029e+19
216405.25
55918972.0
3271576576.0
810767168.0
13.023
3301.954
13.146
3271576576.0
810767168.0
3631345565696.0
1.4646630677487813e+19
3663963095040.0
0.0
215282736.0
1.4145314947873112e+19
1.414167226585029e+19
847489531904.0
844616896.0
57798800965632.0
128.298
12.831
14983182336.0
223.267
12798284.0
3543976902656.0
13.395
3271576576.0
810767168.0
3631345565696.0
1.4646630677487813e+19
201.298
844616384.0
57798800965632.0
128.298
12.831
14983182336.0
14983169024.0
1.472123474045567e+19
3396.893
50682184.0
217329664.0
825.02
773.256
869685.938
239760097280.0
3321372606464.0
1.4866181159322124e+19
3458407333888.0
217329664.0
825.02
773.256
869685.938
239760097280.0
3321372606464.0
1.4866181159322124e+19
13.266
128.298
12.831
14983182336.0
958922817536.0
12798292.0
3561760751616.0
3377742080.0
12.273
239718432768.0
808032.0
14636110.0
1.4145323743966134e+19
3562356992.0
808032.0
14636110.0
1.4145323743966134e+19
3562356992.0
55918972.0
3168.019
1.5298245248572981e+19
825.145
206910960.0
3663693348864.0
213000634368.0
0.0
844190080.0
833013.25
958923669504.0
12.581
1.4939659322383139e+19
3406264532992.0
808032.0
14636110.0
1.4145323743966134e+19
840789.188
3562356992.0
51538.371
8213.07
3543970086912.0
844289984.0
3381.954
13282535538688.0
55.827
0.0
844190080.0
833013.25
958923669504.0
12.581
1.4939659322383139e+19
3406264532992.0
55918972.0
3168.019
1.5298245248572981e+19
825.145
206910960.0
3663693348864.0
861684.938
1.5296554199689462e+19
53564736.0
808032.0
14636110.0
1.4145323743966134e+19
864417939456.0
903273971712.0
0.0
844190080.0
833013.25
958923669504.0
907467227136.0
1.5227320151511663e+19
0.0
844190080.0
833013.25
958923669504.0
907467227136.0
1.5227320151511663e+19
1.5300222170479722e+19
13912322048.0
808032.0
14636110.0
1.4145323743966134e+19
3453515020107776.0
3252.08
808032.0
14636110.0
1.4145323743966134e+19
12798283.0
844190080.0
3168.021
1.5298245248572981e+19
825.145
201.294
810603200.0
0.0
844190080.0
833013.25
55.817
3630477606912.0
808032.0
14636110.0
1.4145323743966134e+19
12.579
0.0
844190080.0
833013.25
936448896.0
3285.271
3168.017
1.5298245248572981e+19
825.145
14243284910080.0
3389551804416.0
200021.234
808032.0
14636110.0
1.4145323743966134e+19
193.321
0.0
844190080.0
833013.25
3572.269
799765.125
239776874496.0
211888979968.0
8209.331
3543970086912.0
844289984.0
3529458688.0
3389556785152.0
8209.332
3543970086912.0
844289984.0
3631345565696.0
14635077.0
0.0
844190080.0
833013.25
14632014.0
1.4646630677487813e+19
0.0
844190080.0
833013.25
14632014.0
1.4646630677487813e+19
1.5300222170479722e+19
216325.062
808032.0
14636110.0
1.4145323743966134e+19
212559072329728.0
827593664.0
890337689600.0
3168.017
1.5298245248572981e+19
825.145
14291.093
3543970086912.0
808032.0
14636110.0
1.4145323743966134e+19
51713312.0
3406532968448.0
808032.0
14636110.0
1.4145323743966134e+19
3389689430016.0
0.0
844190080.0
833013.25
914500.875
3664634183680.0
808032.0
14636110.0
1.4145323743966134e+19
869716.938
3168.019
1.5298245248572981e+19
825.145
48.325
0.0
844190080.0
833013.25
958923669504.0
3140.581
3259060736.0
8208.326
3543970086912.0
844289984.0
3631345565696.0
56985915490304.0
14986843136.0
3509815869440.0
14247018889216.0
8210.069
3543970086912.0
844289984.0
833012.25
936562880.0
3285.271
3168.017
1.5298245248572981e+19
825.145
12.767
201.329
229060624384.0
3168.019
1.5298245248572981e+19
825.145
12.52
3326429952.0
8213.077
3543970086912.0
844289984.0
13.023
1.5659669014274114e+19
3140.583
808032.0
14636110.0
1.4145323743966134e+19
225759723520.0
865781.562
14587122417664.0
8211.58
3543970086912.0
844289984.0
13.023
1.5659669014274114e+19
12796226.0
808032.0
14636110.0
1.4145323743966134e+19
225759723520.0
12.148
14588731981824.0
8211.58
3543970086912.0
844289984.0
55409936.0
1.4214566588236956e+19
225759723520.0
3168.022
1.5298245248572981e+19
825.145
1.4937981467639153e+19
213.31
3168.018
1.5298245248572981e+19
825.145
1.4937981467639153e+19
213.31
3365.955
3168.021
1.5298245248572981e+19
825.145
1.4937981467639153e+19
213.31
13288435875840.0
538170624.0
0.0
201.329
0.0
201.329
0.0
0.0
0.0
0.0
0.0
0.0
0.0
3453515020107776.0
52801.371
8209.324
3543970086912.0
844289984.0
13357151158272.0
