0
0
1376
0
0
0
10.0
1
1
7.0
1.0
0
0
0
0
1
0
0
4
0
0
0
2
0
1
nan
35.0
1
1
7.0
0.8
0
0
0
0
1
0
0
4
0
0
0
2
0
1
nan
-35.0
1
1
7.0
0.8
0
0
0
0
1
0
0
4
0
0
0
2
0
1
nan
25.0
1
1
7.0
0.5
6
0
0
0
1
0
-0.1
0
0
0
0
1
nan
0
17
-25.0
1
1
7.0
0.5
6
0
0
0
1
0
-0.1
0
0
0
0
1
nan
0
17
120.0
1
1
7.0
0.8
0
0
0
0
1
0
-0.1
0
0
0
0
1
nan
0
17
-55.0
1
1
-2.6
2.2
3
0
0
0
1
0.75
-1.25
3
0
0
0
1
nan
0
20
55.0
1
1
-2.6
2.2
3
0
0
0
1
0.75
-1.25
3
0
0
0
1
nan
0
20
35.0
1
1
7.0
0.5
0
0
0
0
1
0
0
10
0
0
0
1
nan
0
20
-35.0
1
1
7.0
0.5
0
0
0
0
1
0
0
10
0
0
0
1
nan
0
20
125.0
1
1
7.0
0.5
0
0
0
0
1
0
0
10
0
0
0
1
nan
0
20
180.0
1
1
7.5
0.5
0
0
0
0
1
0
0
6
0
0
0
1
nan
0
15
0
1
1
7.5
0.5
5
0
0
0
1
0
0
0
0
0
0
1
0
0
15
20.0
1
1
7.0
0.5
0
0
0
0
1
0
0
7
0
0
0
1
nan
0
10
15.0
1
1
7.0
0.5
0
0
0
0
1
0
0
7
0
0
0
1
nan
0
65
60.0
1
1
7.0
0.5
0
0
0
0
1
0
0
7
0
0
0
1
nan
0
65
-60.0
1
1
7.0
0.5
0
0
0
0
1
0
0
7
0
0
0
1
nan
0
65
16
10.0
48
100
0
80
96
13.0
128
100
0
160
176
13.0
208
100
0
240
256
16.0
288
100
1
320
336
16.0
368
100
1
400
416
16.0
448
100
1
480
496
100.0
528
100
2
560
576
100.0
608
100
2
640
656
16.0
688
100
3
720
736
16.0
768
100
3
800
816
16.0
848
100
3
880
896
16.0
928
100
4
960
976
20.0
1008
100
4
1040
1056
16.0
1088
100
4
1120
1136
16.0
1168
100
5
1200
1216
16.0
1248
100
5
1280
1296
16.0
1328
100
5
1360
