0
0
0.2
208
240
288
336
400
416
464
624
688
704
752
768
784
832
0
240.0
-70.0
240.0
0
4.0
1.3
0.85
200.0
10.0
0
0
0
1
500.0
75.0
150.0
350.0
300.0
0
0
1
25.0
190.0
160.0
140.0
0.8
1
112
0.45
0.7
0.15
60.0
45.0
25.0
10.0
0
64
80
1
144
176
0
0
0
1
0.35
0
0
1
25
0
0
1
1
0
0
256
272
0
0
1.2
0.2
1
120.0
30.0
50.0
0
0
304
0
0
0
56.0
42.0
20.0
0
0.86
73.1
48.0
15.0
0
0
0
1
352
384
0
0
0
0
0
0
1
120.0
95.0
0
35.0
30.0
1
0
432
1.0
448
0
1
1.0
0
0
1
2.0
0
0
1
3.0
3.0
0
1
4.0
0
0
1
8.0
0
0
1
4.0
0
0
1
8.0
0
0
1
4.0
0
0
1
4.0
0
0
480
496
512
528
544
560
576
592
608
0
0
0
60.0
1
0
0
672
0
0
0
1
0
0
0
1
1
0
0
1
55.0
0
0
720
736
0
0
0
0
0
0
1
0
0
0
0
8.0
0
0
1
0
0
0
800
816
