0
0
144
45.0
7.0
6.0
5.0
192
240
288
336
384
432
480
528
576
624
672
8.0
25.0
1818
2961
3674
9.0
4.0
2.0
0
0.5
1.0
1.5
2.0
2.0
2.0
2.0
2.0
0
0
0
0.5
1.0
0.5
0.5
0.5
1.5
2.0
-0.5
0.5
-0.5
-0.5
0
1.0
0.147
0.129
0.183
0.134
0.147
0.12
0.062
0.108
0.112
0
0
1.0
0.195
0.162
0.167
0.144
0.143
0.138
0.132
0.122
0.108
0
0
1.0
0.202
0.109
0.115
0.101
0.106
0.098
0.083
0.08
0.076
0
0
1.0
0.169
0.144
0.122
0.152
0.089
0.07
0.046
0.069
0.086
0
0
1.0
0.081
0.117
0.096
0.086
0.117
0.105
0.106
0.148
0.102
0
0
1.0
0
0
0
0
0
0
0
0
0
0
0
1.0
0.101
0.144
0.132
0.152
0.145
0.151
0.153
0.142
0.129
0
0
1.0
0.025
0.083
0.081
0.089
0.089
0.118
0.131
0.096
0.138
0
0
1.0
0.021
0.063
0.049
0.078
0.08
0.107
0.163
0.148
0.111
0
0
1.0
0.058
0.047
0.056
0.064
0.083
0.092
0.125
0.086
0.138
0
0
0.0
0.0
2.8168720884309583e+20
1.0080071297907417e+27
4.5452035419398547e+30
1.1430631218519988e+27
4.527474334895094e+21
0.0
0.0
0.0
1.1801654743659971e+30
7.144934867076712e+31
2.7245178615880063e+20
1041084514304.0
7.588003762113834e+31
4.741954405693406e+30
0.0
0.0
0.0
1.1801654743659971e+30
7.144934867076712e+31
2.7245178615880063e+20
1041084514304.0
7.588003762113834e+31
1.6853781479011868e+22
0.0
0.0
0.0
1.6489797764391612e+28
2.8168863381016543e+20
1.0080071297907417e+27
4.5452035419398547e+30
7.409303758895947e+28
1.851483587602605e+28
0.0
0.0
0.0
2.8168720884309583e+20
1.0080071297907417e+27
4.5452035419398547e+30
7.409303758895947e+28
15250.363
7.0062400323811e+22
0.0
0.0
0.0
2.8168720884309583e+20
1.0080071297907417e+27
4.5452035419398547e+30
1.0901352072468773e+27
0.0
0.0
0.0
2.8168720884309583e+20
1.0080071297907417e+27
4.5452035419398547e+30
6.1678564180237395e+28
0.0
0.0
0.0
687901507584.0
1.9361831934828244e+31
7.315397697878323e+34
13005413.0
1.0901352072468773e+27
0.0
0.0
0.0
2.8168720884309583e+20
1.0080071297907417e+27
4.5452035419398547e+30
61047.309
0.0
0.0
0.0
0.0
2.8168720884309583e+20
1.0080071297907417e+27
4.5452035419398547e+30
1.8394577834390606e+25
0.0
0.0
0.0
687901507584.0
1.9361831934828244e+31
7.315397697878323e+34
2.403228601265349e+20
3.9941959603091444e+24
1049891897344.0
6.711324062582557e+22
0.0
0.0
0.0
687901507584.0
1.9361831934828244e+31
7.315397697878323e+34
2.403228601265349e+20
4.013085426240623e+24
4.6361423658438606e+24
4.195865005657573e+21
0.0
0.0
0.0
0.0
2.8168720884309583e+20
1.0080071297907417e+27
4.5452035419398547e+30
1.9282560250984474e+31
1.1259762878923042e+24
4.195865005657573e+21
0.0
0.0
0.0
0.0
7.144934867076712e+31
2.7245178615880063e+20
242.396
7.214336509283121e+22
1.1258683456164354e+24
4.195865005657573e+21
0.0
0.0
0.0
0.0
6.690837667142737e+31
16337961984.0
7.360414816436547e+22
1.785123318403862e+31
7.19014061937256e+28
0.0
687951839232.0
1.9361831934828244e+31
7.315397697878323e+34
2.403228601265349e+20
3.9941959603091444e+24
1049891897344.0
6.711324062582557e+22
0.0
0.0
0.0
0.0
2.8168720884309583e+20
1.0080071297907417e+27
4.5452035419398547e+30
2.7488578012786137e+26
2.67976493447844e+32
1.8174007915394988e+31
0.0
0.0
0.0
2.8168720884309583e+20
1.0080071297907417e+27
4.5452035419398547e+30
3.013284628742689e+29
7.185402683117116e+22
5.798209330214009e+22
0.0
0.0
0.0
687901507584.0
1.9361831934828244e+31
7.315397697878323e+34
1.4843104596541619e+25
1.8970332188478423e+31
1.9283840503427446e+31
1.8178627220951736e+31
0.0
0.0
0.0
6.690838634283393e+31
16337961984.0
7.360414816436547e+22
6.973266477349345e+22
0.0
0.0
0.0
0.0
6.690837667142737e+31
16337961984.0
7.360414816436547e+22
3.033173217462417e+32
0.0
6.690840084994376e+31
16337961984.0
7.360414816436547e+22
2.7190244960189044e+23
6.7415152937645235e+22
0.0
0.0
0.0
687901507584.0
1.9361831934828244e+31
7.315397697878323e+34
2.2533488056664588e+20
6.416290098473777e+22
4.8560859612053505e+33
0.0
0.0
0.0
2.8168720884309583e+20
1.0080071297907417e+27
4.5452035419398547e+30
1.788448204513132e+22
0.0
0.0
0.0
0.0
7.144934867076712e+31
2.7245178615880063e+20
1041084514304.0
4.508026102854248e+21
16727515136.0
243.451
0.0
0.0
0.0
687901507584.0
1.9361831934828244e+31
7.315397697878323e+34
1.6359907893688662e+28
4.296496014042326e+24
2.4496545561584232e+20
6.977871407968331e+22
0.0
0.0
0.0
2.8168720884309583e+20
1.0080071297907417e+27
4.5452035419398547e+30
7.144192103053141e+31
6.308892529641408e+34
4.416572631121142e+21
0.0
0.0
0.0
6.690838634283393e+31
16337961984.0
7.360414816436547e+22
2.747711223747104e+20
58.097
1.6922429848131876e+22
0.0
0.0
0.0
687901507584.0
1.9361831934828244e+31
7.315397697878323e+34
1.6359907893688662e+28
4.296496014042326e+24
2.489566472845716e+32
1.1258683456164354e+24
1.0765812687982664e+21
0.0
0.0
0.0
0.0
7.144934867076712e+31
2.7245178615880063e+20
1041084514304.0
4.508026102854248e+21
913.584
1.8062094337171991e+28
1.7851219885854604e+31
0.0
0.0
0.0
1.1801654743659971e+30
7.144934867076712e+31
2.7245178615880063e+20
969.586
1.0441405740449215e+21
6.128969566093397e+31
2.7488637042367173e+26
0.0
0.0
687901507584.0
1.9361831934828244e+31
4.3597890872730174e+27
3.9010036420045114e+21
0.0
0.0
0.0
687901507584.0
1.9361831934828244e+31
4.3597890872730174e+27
0.0
0.0
0.0
687901507584.0
1.9361831934828244e+31
7.315397697878323e+34
2.2418195906203904e+20
6.5741896086223684e+28
0.0
0.0
0.0
11006424121344.0
6.700898831383898e+31
16337961984.0
7.360414816436547e+22
7.190140147135912e+28
3.9942685943639346e+24
0.0
0.0
0.0
11006424121344.0
6.700898831383898e+31
16337961984.0
7.360414816436547e+22
7.190140147135912e+28
1.5523727195100253e+25
6.977064813275069e+22
0.0
0.0
0.0
1036938182656.0
1.9361831934828244e+31
7.315397697878323e+34
3.9941181381075834e+24
64077244.0
0.0
0.0
0.0
687901507584.0
1.9361831934828244e+31
7.315397697878323e+34
3.9941181381075834e+24
1001206.938
2.793241912292378e+20
0.0
0.0
0.0
687901507584.0
1.9361831934828244e+31
7.315397697878323e+34
6.172581145689851e+28
0.0
0.0
0.0
687901507584.0
1.9361831934828244e+31
7.315397697878323e+34
13660773.0
1.0901352072468773e+27
0.0
0.0
0.0
2.8168720884309583e+20
1.0080071297907417e+27
4.5452035419398547e+30
6.167851695657257e+28
0.0
0.0
0.0
687901507584.0
1.9361831934828244e+31
7.315397697878323e+34
4.207522056468514e+33
2.7586993031504462e+20
0.0
0.0
0.0
6.690838634283393e+31
16337961984.0
7.360414816436547e+22
1.9272697834148058e+31
0.0
0.0
0.0
0.0
7.144934867076712e+31
2.7245178615880063e+20
16266945536.0
1045612789760.0
7.683077557130952e+31
4.195865005657573e+21
0.0
0.0
0.0
0.0
7.144934867076712e+31
2.7245178615880063e+20
16266945536.0
4182451159040.0
3.035350057650248e+32
4.525462351761566e+21
1.9283821160614332e+31
0.0
0.0
0.0
2.8168720884309583e+20
1.0080071297907417e+27
4.5452035419398547e+30
1.9282560250984474e+31
1.1259762878923042e+24
4.195865005657573e+21
0.0
0.0
0.0
0.0
7.144934867076712e+31
2.7245178615880063e+20
242.396
7.214336509283121e+22
1.1258683456164354e+24
4.195865005657573e+21
0.0
0.0
0.0
0.0
6.690837667142737e+31
16337961984.0
7.360414816436547e+22
1.785123318403862e+31
7.19014061937256e+28
0.0
687951839232.0
1.9361831934828244e+31
7.315397697878323e+34
2.403228601265349e+20
3.9941959603091444e+24
1049891897344.0
6.711324062582557e+22
0.0
0.0
0.0
0.0
2.8168720884309583e+20
1.0080071297907417e+27
4.5452035419398547e+30
2.7488578012786137e+26
2.67976493447844e+32
1.8174007915394988e+31
0.0
0.0
0.0
2.8168720884309583e+20
1.0080071297907417e+27
4.5452035419398547e+30
3.013284628742689e+29
7.185402683117116e+22
5.798209330214009e+22
0.0
0.0
0.0
687901507584.0
1.9361831934828244e+31
7.315397697878323e+34
1.4843104596541619e+25
1.8970332188478423e+31
1.9283840503427446e+31
1.8178627220951736e+31
0.0
0.0
0.0
6.690838634283393e+31
16337961984.0
7.360414816436547e+22
6.973266477349345e+22
0.0
0.0
0.0
0.0
2.8168720884309583e+20
1.0080071297907417e+27
4.5452035419398547e+30
1.1868491990290714e+27
0.0
2.8168720884309583e+20
1.0080071297907417e+27
4.5452035419398547e+30
989558931456.0
0.0
0.0
0.0
0.0
687901507584.0
1.9361831934828244e+31
7.315397697878323e+34
2.2533488056664588e+20
6.416290098473777e+22
4.8560859612053505e+33
0.0
0.0
0.0
2.8168720884309583e+20
1.0080071297907417e+27
4.5452035419398547e+30
1.788448204513132e+22
0.0
0.0
0.0
0.0
7.144934867076712e+31
2.7245178615880063e+20
1041084514304.0
4.508026102854248e+21
16727515136.0
243.451
0.0
0.0
0.0
687901507584.0
1.9361831934828244e+31
7.315397697878323e+34
1.6359907893688662e+28
4.296496014042326e+24
2.4496545561584232e+20
6.977871407968331e+22
0.0
0.0
0.0
2.8168720884309583e+20
1.0080071297907417e+27
4.5452035419398547e+30
7.144192103053141e+31
6.308892529641408e+34
4.416572631121142e+21
0.0
0.0
0.0
6.690838634283393e+31
16337961984.0
7.360414816436547e+22
2.747711223747104e+20
58.097
1.6922429848131876e+22
0.0
0.0
0.0
6.690838634283393e+31
16337961984.0
7.360414816436547e+22
2.747711223747104e+20
6.858897564812271e+22
4.858016422311144e+30
925.725
1.0441405740449215e+21
0.0
0.0
0.0
6.690838634283393e+31
16337961984.0
7.360414816436547e+22
2.747711223747104e+20
6.858897564812271e+22
4.858016422311144e+30
15531090944.0
0.0
0.0
0.0
1.6489797764391612e+28
2.8168863381016543e+20
1.0080071297907417e+27
4.5452035419398547e+30
1.0765812687982664e+21
14.339
4.158908748590347e+21
0.0
0.0
0.0
2.8168720884309583e+20
6.270446428860936e+22
6.66649577361376e+34
4.7415675494311295e+30
0.0
0.0
0.0
6.690838634283393e+31
4182518267904.0
261002562109440.0
0.0
0.0
0.0
0.0
7.144934867076712e+31
2.7245178615880063e+20
62053.473
1.1425353274215116e+33
0.0
0.0
0.0
6.690838634283393e+31
16337961984.0
7.360414816436547e+22
873077014528.0
7.588003762113834e+31
0.0
0.0
0.0
687901507584.0
1.9361831934828244e+31
7.315397697878323e+34
3.9941181381075834e+24
0.0
0.0
0.0
0.0
7.144934867076712e+31
2.7245178615880063e+20
15.15
1.84958916684223e+31
0.0
0.0
0.0
6.690838634283393e+31
16337961984.0
7.360414816436547e+22
6.973266477349345e+22
0.0
0.0
0.0
6.690838634283393e+31
16337961984.0
7.360414816436547e+22
7.772709251678492e+31
1.9282560250984474e+31
0.0
0.0
0.0
2.8168720884309583e+20
1.0080071297907417e+27
4.5452035419398547e+30
1.0901352072468773e+27
0.0
0.0
0.0
2.8168720884309583e+20
1.0080071297907417e+27
4.5452035419398547e+30
6.1678564180237395e+28
0.0
0.0
0.0
687901507584.0
1.9361831934828244e+31
7.315397697878323e+34
13005413.0
1.0901352072468773e+27
0.0
0.0
0.0
2.8168720884309583e+20
1.0080071297907417e+27
4.5452035419398547e+30
61047.309
0.0
0.0
0.0
0.0
7.144934867076712e+31
2.7245178615880063e+20
242.396
4.4644312789224875e+30
0.0
0.0
0.0
2.8168720884309583e+20
1.0080071297907417e+27
4.5452035419398547e+30
7.144192103053141e+31
6.308892529641408e+34
1.9282560250984474e+31
0.0
0.0
0.0
687901507584.0
1.9361831934828244e+31
7.315397697878323e+34
1.6359907893688662e+28
4.296496014042326e+24
2.4496545561584232e+20
6.977871407968331e+22
0.0
0.0
0.0
7.144934867076712e+31
2.7245178615880063e+20
1041084514304.0
4.508026102854248e+21
62.315
2.749523359804793e+26
0.0
0.0
0.0
7.144934867076712e+31
2.7245178615880063e+20
1041084514304.0
4.508026102854248e+21
274063607988224.0
6.829491311045355e+22
0.0
0.0
0.0
2.8168720884309583e+20
1.0080071297907417e+27
4.5452035419398547e+30
7.144192103053141e+31
1.6927304994728505e+22
1.8319613725239564e+25
3.8901824476618916e+30
1.0947278562254206e+27
0.0
0.0
0.0
6.690838634283393e+31
16337961984.0
7.360414816436547e+22
2.747711223747104e+20
6.858897564812271e+22
4.858016422311144e+30
15531090944.0
0.0
0.0
0.0
0.0
7.144934867076712e+31
2.7245178615880063e+20
242.396
4018878476713984.0
7.316950326537059e+28
0.0
0.0
0.0
6.690838634283393e+31
16337961984.0
7.360414816436547e+22
4.4618024697277355e+30
1.6920965052353074e+22
0.0
0.0
0.0
7.144934867076712e+31
2.643993500250622e+20
1070745845760.0
7.155421319677785e+22
0.0
0.0
0.0
7.144934867076712e+31
2.643993500250622e+20
7.032524390886323e+22
3.901012649203766e+21
0.0
0.0
0.0
687901507584.0
1.9361831934828244e+31
4.3597890872730174e+27
0.0
0.0
0.0
687901507584.0
1.9361831934828244e+31
7.315397697878323e+34
2.2418195906203904e+20
6.5741896086223684e+28
0.0
0.0
0.0
11006424121344.0
6.700898831383898e+31
16337961984.0
7.360414816436547e+22
7.190140147135912e+28
3.9942685943639346e+24
0.0
0.0
0.0
11006424121344.0
6.700898831383898e+31
16337961984.0
7.360414816436547e+22
7.190140147135912e+28
1.5523727195100253e+25
6.977064813275069e+22
0.0
0.0
0.0
1036938182656.0
1.9361831934828244e+31
7.315397697878323e+34
3.9941181381075834e+24
64077244.0
0.0
0.0
0.0
687901507584.0
1.9361831934828244e+31
7.315397697878323e+34
3.9941181381075834e+24
1001206.938
2.793241912292378e+20
0.0
0.0
0.0
687901507584.0
1.9361831934828244e+31
7.315397697878323e+34
6.172581145689851e+28
0.0
0.0
0.0
687901507584.0
1.9361831934828244e+31
7.315397697878323e+34
13660773.0
1.0901352072468773e+27
0.0
0.0
0.0
2.8168720884309583e+20
1.0080071297907417e+27
4.5452035419398547e+30
6.167851695657257e+28
0.0
0.0
0.0
687901507584.0
1.9361831934828244e+31
7.315397697878323e+34
4.207522056468514e+33
2.7586993031504462e+20
0.0
0.0
0.0
6.690838634283393e+31
16337961984.0
7.360414816436547e+22
1.9272697834148058e+31
0.0
0.0
0.0
0.0
7.144934867076712e+31
2.7245178615880063e+20
16266945536.0
1045612789760.0
7.683077557130952e+31
4.195865005657573e+21
0.0
0.0
0.0
0.0
7.144934867076712e+31
2.7245178615880063e+20
16266945536.0
4182451159040.0
3.035350057650248e+32
4.525462351761566e+21
1.9283821160614332e+31
0.0
0.0
0.0
2.8168720884309583e+20
1.0080071297907417e+27
4.5452035419398547e+30
1.9282560250984474e+31
1.1259762878923042e+24
4.195865005657573e+21
0.0
0.0
0.0
0.0
7.144934867076712e+31
2.7245178615880063e+20
242.396
7.214336509283121e+22
1.1258683456164354e+24
4.195865005657573e+21
0.0
0.0
0.0
0.0
6.690837667142737e+31
16337961984.0
7.360414816436547e+22
1.785123318403862e+31
7.19014061937256e+28
0.0
687951839232.0
1.9361831934828244e+31
7.315397697878323e+34
2.403228601265349e+20
3.9941959603091444e+24
1049891897344.0
6.711324062582557e+22
0.0
0.0
0.0
0.0
7.144934867076712e+31
2.7245178615880063e+20
4164338057216.0
1.1382674849016684e+27
4.525461507336636e+21
1.9283821160614332e+31
0.0
0.0
0.0
7.144934867076712e+31
2.7245178615880063e+20
969.586
7.44159246748592e+28
1.8178979018365244e+31
1.1086690199526148e+27
0.0
0.0
0.0
6.690838634283393e+31
16337961984.0
7.360414816436547e+22
1.8481344664034878e+31
1.92869317267482e+31
16337703936.0
1.9283839294501626e+31
0.0
0.0
0.0
2.8168720884309583e+20
1.0080071297907417e+27
4.5452035419398547e+30
2.6450659199118895e+20
0.0
0.0
0.0
0.0
7.144934867076712e+31
2.7245178615880063e+20
15513.368
0.0
0.0
7.144934867076712e+31
2.7245178615880063e+20
4066736384.0
1.5972931930489686e+25
0.0
0.0
0.0
0.0
2.8168720884309583e+20
1.0080071297907417e+27
4.5452035419398547e+30
1.788448204513132e+22
1.1431403768161795e+27
0.0
0.0
0.0
687901507584.0
1.9361831934828244e+31
7.315397697878323e+34
2.2533488056664588e+20
6.20968656484823e+22
0.0
0.0
0.0
6.690838634283393e+31
16337961984.0
7.360414816436547e+22
2.747711223747104e+20
58.097
1.7851241646519357e+31
7.772709735248819e+31
0.0
0.0
0.0
2.8168720884309583e+20
1.0080071297907417e+27
4.5452035419398547e+30
7.144192103053141e+31
6.308892529641408e+34
2.7488578012786137e+26
0.0
0.0
0.0
687901507584.0
1.9361831934828244e+31
7.315397697878323e+34
1.6359907893688662e+28
4.296496014042326e+24
9.404169313390966e+26
0.0
0.0
0.0
0.0
7.144934867076712e+31
2.7245178615880063e+20
1041084514304.0
4.508026102854248e+21
274063607988224.0
6.829491311045355e+22
0.0
0.0
0.0
7.144934867076712e+31
2.7245178615880063e+20
1041084514304.0
4.508026102854248e+21
913.584
1.8062094337171991e+28
1.8305191830138437e+25
6.976833328254222e+22
0.0
0.0
0.0
7.144934867076712e+31
2.7245178615880063e+20
1041084514304.0
4.508026102854248e+21
913.584
1.8062094337171991e+28
1.7851219885854604e+31
0.0
0.0
0.0
1.1801654743659971e+30
7.144934867076712e+31
2.7245178615880063e+20
969.586
1.0441405740449215e+21
6.128969566093397e+31
2.7488637042367173e+26
0.0
0.0
0.0
7.144934867076712e+31
2.643993500250622e+20
1070745845760.0
7.155421319677785e+22
0.0
0.0
0.0
7.144934867076712e+31
2.643993500250622e+20
