144
0
16
2
192
0
224
0
229
0
238
0
251
0
256
0
262
0
276
0
290
0
299
0
304
0
320
0
336
0
351
0
366
0
380
0
386
0
391
0
399
0
412
0
420
0
432
0
0
0
nan
nan
nan
50
40
20
0
0
50674972.0
12.955
228008203911168.0
3338685952.0
3746316544.0
865380.375
131349.062
0.0
3477623552.0
216065.312
1.5298533320619459e+19
3172.394
0.0
3477623552.0
3141.958
206.271
14225004036096.0
12.148
8211.074
0.0
851583107072.0
1.4214566588236956e+19
3172.394
0.0
851583107072.0
1.4214566588236956e+19
3172.329
0.0
810684608.0
3745858304.0
827429248.0
128.271
206.255
3141.954
206.271
3136.017
206.271
12.211
0.0
12.331
13.0
513.302
48.572
2152025088.0
827429248.0
958939725824.0
0.0
894685376.0
0.0
832533.25
55.82
0.0
847489531904.0
83
