0.8
1.2
15
368
0
10.0
25.0
35.0
50.0
1.0
384
4.0
120.0
120.0
85.0
85.0
16.0
3.0
60.0
0.417
52.0
30.0
0.417
35.0
45.0
30.0
23.0
40.0
0.5
0
40.0
12.0
3.0
45.0
1.0
400
416
432
448
5.0
3.0
0.0
36.0
25.0
6.0
4.0
35.0
35.0
80
0
30.0
6.0
10.0
15.0
50.0
25.0
0.042
1
7.0
0
5.0
2.0
4.0
nan
70.0
2.2
1.8
40.0
1.2
96.0
93.0
464
32.0
36.0
1.0
50.0
60.0
2.0
6.0
0.0
30.0
8.0
1.0
20.0
14.0
1
45.0
110.0
10.0
0.2
0
0
0
0.5
0.1
0
0
15.0
30.0
180.0
0
5.0
1.5
0
0
5.0
1.5
0
0
3.0
1.5
0
0
3.0
1.5
0
0
65.0
80.0
180.0
