112
128
144
160
1.0
20.0
352
400
416
464
496
544
560
912
0.4
944
1
960
1
992
257
0
0
0
0.0
0
0
0
10
96
0
0
0.5
1.0
0
0
0
0
0
0
0.33
2.0
100.0
0
2.25
0.5
1.5
2.25
0.5
1.5
0.5
1.5
2.25
0
0
0
1.0
0.5
0.5
1.75
2.0
0
0
0
3.0
3.0
1.2
0
2.75
2.0
2.0
1.0
0.5
0.75
1.0
1.5
1.5
0
0
0
2.0
0.5
1.5
0
2.25
2.25
1.2
0
20
176
224
256
272
0
320
0.25
336
1
0
0
1
0
0
0
0.5
0
90.0
-1.0
1
0
0
0
6
0
0
0
448
0
0
0
0
1
0
0
0.3
0.5
10.0
1.75
480
1
0
0
95
50
0
0
10
20
528
0
50.0
1.0
1
0
50.0
0.4
0
0
45.0
0.4
0
0
576
592
0
0
60.0
0.4
0
0
50.0
0.4
0
0
624
640
0
0
608
656
1
0
50.0
0.3
0
0
45.0
0.3
0
0
688
704
0
0
60.0
0.3
0
0
50.0
0.3
0
0
736
752
0
0
720
768
1
0
60.0
0.2
0
0
50.0
0.3
0
0
800
816
0
0
80.0
0.1
0
0
70.0
0.15
0
0
848
864
0
0
832
880
1
0
0
672
784
1
896
1
0
0
0.5
0
0
0
0.15
0.25
0.15
0.4
0.5
0
0
0
8
0
0
0
